potId: 133
order: 1
R0: 0.9
lambda: 1000
CS: 9.5504900
CT: 3.1487800
C1: 0.3708500
C2: 0.3636100
C3: -0.1843200
C4: 0.2182100
C5: -3.0033000
C6: 0.5437300
C7: -0.5025900
CNN: 0.0465500
CPP: 0.0695070
