potId: 134
order: 1
R0: 0.9
lambda: 1200
CS: 9.8214900
CT: 3.1161200
C1: 0.3698500
C2: 0.3677200
C3: -0.1913000
C4: 0.2315300
C5: -3.0209200
C6: 0.5547800
C7: -0.5205700
CNN: 0.0464900
CPP: 0.0000000
