potId: 213
order: 2
R0: 1.0
lambda: 1000
CS: 5.4385000
CT: 0.2767200
C1: -0.1408400
C2: 0.0424300
C3: -0.1233800
C4: 0.1101800
C5: -2.1125400
C6: 0.1589800
C7: -0.2699400
CNN: 0.0434400
CPP: 0.0629630
