potId: 215
order: 2
R0: 1.0
lambda: 1400
CS: 8.1645400
CT: -0.1480900
C1: -0.1225000
C2: 0.0084300
C3: -0.1296400
C4: 0.1239000
C5: -2.1343400
C6: 0.1249500
C7: -0.2753300
CNN: 0.0432800
CPP: 0.0625100
