potId: 145
order: 1
R0: 1.1
lambda: 1400
CS: 1.1390300
CT: 0.8186700
C1: 0.2583000
C2: 0.2356500
C3: -0.1453500
C4: 0.1040100
C5: -2.1652500
C6: 0.3439400
C7: -0.3573100
CNN: 0.0445000
CPP: 0.0585200
