potId: 222
order: 2
R0: 1.2
lambda: 800
CS: 1.6653300
CT: 0.4053500
C1: -0.0717300
C2: 0.0988700
C3: -0.1564800
C4: 0.0997500
C5: -1.9447400
C6: 0.2308900
C7: -0.3267500
CNN: 0.0487900
CPP: 0.0641900
