potId: 34
order: 0
R0: 0.9
lambda: 1200
CS: -0.1289800
CT: 0.5180900
C1: 0.0000000
C2: 0.0000000
C3: 0.0000000
C4: 0.0000000
C5: 0.0000000
C6: 0.0000000
C7: 0.0000000
CNN: -0.0073200
CPP: 0.0000000
