potId: 245
order: 2
R0: 1.1
lambda: 1400
CS: 5.8968500
CT: -0.0868900
C1: -0.0406100
C2: 0.0216100
C3: -0.1544600
C4: 0.1211000
C5: -2.0248200
C6: 0.1499200
C7: -0.3034600
CNN: 0.0465500
CPP: 0.0642100
