potId: 45
order: 0
R0: 1.1
lambda: 1400
CS: -1.2963100
CT: 0.2564800
C1: 0.0000000
C2: 0.0000000
C3: 0.0000000
C4: 0.0000000
C5: 0.0000000
C6: 0.0000000
C7: 0.0000000
CNN: 0.0007900
CPP: -0.0392300
