potId: 124
order: 1
R0: 1.2
lambda: 1200
CS: 0.0778500
CT: 0.6752300
C1: 0.2164500
C2: 0.2350700
C3: -0.1577800
C4: 0.0966500
C5: -2.0284400
C6: 0.3468100
C7: -0.3740200
CNN: 0.0481700
CPP: 0.0000000
