potId: 234
order: 2
R0: 0.9
lambda: 1200
CS: 9.7434800
CT: 0.1485900
C1: -0.2520800
C2: 0.0173300
C3: -0.1168800
C4: 0.1333700
C5: -2.4311200
C6: 0.1368800
C7: -0.2781100
CNN: 0.0414300
CPP: 0.0000000
