potId: 233
order: 2
R0: 0.9
lambda: 1000
CS: 7.7478400
CT: 0.4524700
C1: -0.2171500
C2: 0.0345700
C3: -0.1153500
C4: 0.1181800
C5: -2.4160300
C6: 0.1546300
C7: -0.2670900
CNN: 0.0416400
CPP: 0.0632900
