potId: 113
order: 1
R0: 1.0
lambda: 1000
CS: 3.1680300
CT: 1.4139600
C1: 0.3142000
C2: 0.2578600
C3: -0.1313400
C4: 0.1186100
C5: -2.3855200
C6: 0.3731900
C7: -0.3566800
CNN: 0.0427100
CPP: 0.0591750
