potId: 244
order: 2
R0: 1.1
lambda: 1200
CS: 4.9975500
CT: 0.0648000
C1: -0.0814600
C2: 0.0408400
C3: -0.1495700
C4: 0.1221500
C5: -2.0140000
C6: 0.1670100
C7: -0.3068500
CNN: 0.0464100
CPP: 0.0000000
