potId: 232
order: 2
R0: 0.9
lambda: 800
CS: 5.8739300
CT: 0.8640400
C1: -0.1181900
C2: 0.0697400
C3: -0.1154700
C4: 0.0957000
C5: -2.4545700
C6: 0.1895700
C7: -0.2534900
CNN: 0.0420900
CPP: 0.0000000
