potId: 142
order: 1
R0: 1.1
lambda: 800
CS: 0.9481100
CT: 0.9804400
C1: 0.2863300
C2: 0.2110200
C3: -0.1354600
C4: 0.0874600
C5: -2.1619300
C6: 0.3236300
C7: -0.3176200
CNN: 0.0444900
CPP: 0.0585700
