potId: 212
order: 2
R0: 1.0
lambda: 800
CS: 3.8278500
CT: 0.5579300
C1: -0.0816300
C2: 0.0687800
C3: -0.1166700
C4: 0.0834400
C5: -2.1192200
C6: 0.1811400
C7: -0.2514300
CNN: 0.0434400
CPP: 0.0629600
