potId: 13
order: 0
R0: 1.0
lambda: 1000
CS: -0.7511200
CT: 0.3740900
C1: 0.0000000
C2: 0.0000000
C3: 0.0000000
C4: 0.0000000
C5: 0.0000000
C6: 0.0000000
C7: 0.0000000
CNN: -0.0037300
CPP: -0.0434900
