potId: 132
order: 1
R0: 0.9
lambda: 800
CS: 9.3720800
CT: 3.2412000
C1: 0.3737000
C2: 0.3674300
C3: -0.1814700
C4: -0.2043600
C5: -2.9977400
C6: 0.5410400
C7: -0.4857600
CNN: 0.0468000
CPP: 0.0000000
