potId: 115
order: 1
R0: 1.0
lambda: 1400
CS: 3.3240400
CT: 1.3022100
C1: 0.3064900
C2: 0.2655800
C3: -0.1437800
C4: 0.1343400
C5: -2.3909400
C6: 0.3868000
C7: -0.3792000
CNN: 0.0426700
CPP: 0.0590900
