potId: 125
order: 1
R0: 1.2
lambda: 1400
CS: 0.1090900
CT: 0.6464600
C1: 0.2128000
C2: 0.2403200
C3: -0.1647700
C4: 0.1022800
C5: -2.0282700
C6: 0.3521900
C7: -0.3819100
CNN: 0.0481700
CPP: 0.0612000
