potId: 204
order: 2
R0: 0.8
lambda: 1200
CS: 0.0000000
CT: 0.0000000
C1: 0.0000000
C2: 0.0000000
C3: 0.0000000
C4: 0.0000000
C5: 0.0000000
C6: 0.0000000
C7: 0.0000000
CNN: 0.0000000
CPP: 0.0000000
