potId: 242
order: 2
R0: 1.1
lambda: 800
CS: 2.6002300
CT: 0.4607400
C1: -0.0674900
C2: 0.0851200
C3: -0.1299700
C4: 0.0839800
C5: -2.0125900
C6: 0.2020000
C7: -0.2838000
CNN: 0.0463600
CPP: 0.0644000
