potId: 235
order: 2
R0: 0.9
lambda: 1400
CS: 11.4902000
CT: -0.1084800
C1: -0.2466600
C2: 0.0013600
C3: -0.1163500
C4: 0.1370000
C5: -2.4493100
C6: 0.1190600
C7: -0.2772200
CNN: 0.0411800
CPP: 0.0000000
