potId: 224
order: 2
R0: 1.2
lambda: 1200
CS: 3.5299800
CT: 0.0919500
C1: -0.0488900
C2: 0.0575200
C3: -0.1784900
C4: 0.1311500
C5: -1.9480100
C6: 0.1990500
C7: -0.3459400
CNN: 0.0487500
CPP: 0.0000000
