potId: 203
order: 2
R0: 0.8
lambda: 1000
CS: 11.0104000
CT: 1.1656200
C1: -0.3533900
C2: 0.0456500
C3: -0.1332300
C4: 0.1511800
C5: -3.3061000
C6: 0.1945900
C7: -0.3254600
CNN: 0.0401000
CPP: 0.0000000
