potId: 122
order: 1
R0: 1.2
lambda: 800
CS: -0.0268200
CT: 0.7772800
C1: 0.2341800
C2: 0.2211500
C3: -0.1450400
C4: 0.0799700
C5: -2.0303000
C6: 0.3326400
C7: -0.3450800
CNN: 0.0481800
CPP: 0.0613700
