potId: 24
order: 0
R0: 1.2
lambda: 1200
CS: -1.7969300
CT: 0.1544200
C1: 0.0000000
C2: 0.0000000
C3: 0.0000000
C4: 0.0000000
C5: 0.0000000
C6: 0.0000000
C7: 0.0000000
CNN: 0.0062400
CPP: -0.0329400
