potId: 114
order: 1
R0: 1.0
lambda: 1200
CS: 3.3166800
CT: 1.3688700
C1: 0.3100200
C2: 0.2653900
C3: -0.1379100
C4: 0.1294900
C5: -2.3993500
C6: 0.3840400
C7: -0.3735100
CNN: 0.0427000
CPP: 0.0000000
