potId: 214
order: 2
R0: 1.0
lambda: 1200
CS: 6.9121200
CT: 0.0428500
C1: -0.1482700
C2: 0.0248500
C3: -0.1277700
C4: 0.1224600
C5: -2.1177100
C6: 0.1418100
C7: -0.2772900
CNN: 0.0433900
CPP: 0.0000000
