potId: 112
order: 1
R0: 1.0
lambda: 800
CS: 3.0689400
CT: 1.5071400
C1: 0.3255200
C2: 0.2532200
C3: -0.1308500
C4: 0.1105700
C5: -2.3856100
C6: 0.3681200
C7: -0.3395200
CNN: 0.0427100
CPP: 0.0591700
