potId: 135
order: 1
R0: 0.9
lambda: 1400
CS: 9.8428500
CT: 3.0306400
C1: 0.3679100
C2: 0.3668000
C3: -0.1957900
C4: 0.2365800
C5: -3.0159400
C6: 0.5571400
C7: -0.5260900
CNN: 0.0464200
CPP: 0.0000000
