potId: 144
order: 1
R0: 1.1
lambda: 1200
CS: 1.0917900
CT: 0.8546900
C1: 0.2636000
C2: 0.2286800
C3: -0.1404600
C4: 0.0996200
C5: -2.1634300
C6: 0.3377900
C7: -0.3483400
CNN: 0.0444900
CPP: 0.0000000
