potId: 123
order: 1
R0: 1.2
lambda: 1000
CS: 0.0355100
CT: 0.7172900
C1: 0.2228800
C2: 0.2287800
C3: -0.1504300
C4: 0.0892900
C5: -2.0293200
C6: 0.3401100
C7: -0.3624800
CNN: 0.0481700
CPP: 0.0613640
