potId: 243
order: 2
R0: 1.1
lambda: 1000
CS: 3.8869900
CT: 0.2441600
C1: -0.0965000
C2: 0.0594700
C3: -0.1418300
C4: 0.1114600
C5: -2.0082000
C6: 0.1831800
C7: -0.3010500
CNN: 0.0463600
CPP: 0.0643950
