potId: 225
order: 2
R0: 1.2
lambda: 1400
CS: 4.1962900
CT: -0.0282000
C1: 0.0021100
C2: 0.0380500
C3: -0.1852500
C4: 0.1281900
C5: -1.9580400
C6: 0.1833500
C7: -0.3422700
CNN: 0.0487800
CPP: 0.0630600
