potId: 202
order: 2
R0: 0.8
lambda: 800
CS: 9.6728800
CT: 1.6839800
C1: -0.2002000
C2: 0.0840200
C3: -0.1378500
C4: 0.1242700
C5: -3.2926000
C6: 0.2390300
C7: -0.3015900
CNN: 0.0424900
CPP: 0.0000000
