potId: 223
order: 2
R0: 1.2
lambda: 1000
CS: 2.6876500
CT: 0.2338200
C1: -0.0795100
C2: 0.0761000
C3: -0.1692600
C4: 0.1235900
C5: -1.9428000
C6: 0.2142100
C7: -0.3419300
CNN: 0.0487700
CPP: 0.0641920
