potId: 143
order: 1
R0: 1.1
lambda: 1000
CS: 1.0307500
CT: 0.9069900
C1: 0.2723900
C2: 0.2203200
C3: -0.1364100
C4: 0.0942000
C5: -2.1623800
C6: 0.3306500
C7: -0.3357000
CNN: 0.0444900
CPP: 0.0585700
