potId: 3
order: 0
R0: 0.8
lambda: 1000
CS: 0.6360300
CT: 0.7104700
C1: 0.0000000
C2: 0.0000000
C3: 0.0000000
C4: 0.0000000
C5: 0.0000000
C6: 0.0000000
C7: 0.0000000
CNN: -0.0099600
CPP: 0.0000000
